374
0 4977
2 4599
8 4473
12 4208
18 4049
21 4028
26 3937
27 3586
30 3436
31 3303
89 3252
94 3086
132 3061
134 2988
10000 2988
20000 2988
30000 2988
40000 2988
50000 2988
60000 2988
70000 2988
80000 2988
90000 2988
100000 2988
110000 2988
120000 2988
130000 2988
140000 2988
150000 2988
160000 2988
170000 2988
180000 2988
190000 2988
200000 2988
210000 2988
220000 2988
230000 2988
240000 2988
250000 2988
260000 2988
270000 2988
280000 2988
290000 2988
300000 2988
310000 2988
320000 2988
330000 2988
340000 2988
350000 2988
360000 2988
370000 2988
380000 2988
390000 2988
400000 2988
410000 2988
420000 2988
430000 2988
440000 2988
450000 2988
460000 2988
470000 2988
480000 2988
490000 2988
500000 2988
510000 2988
520000 2988
530000 2988
540000 2988
550000 2988
560000 2988
570000 2988
580000 2988
590000 2988
600000 2988
610000 2988
620000 2988
630000 2988
640000 2988
650000 2988
660000 2988
670000 2988
680000 2988
690000 2988
700000 2988
710000 2988
720000 2988
730000 2988
740000 2988
750000 2988
760000 2988
770000 2988
780000 2988
790000 2988
800000 2988
810000 2988
820000 2988
830000 2988
840000 2988
850000 2988
860000 2988
870000 2988
880000 2988
890000 2988
900000 2988
910000 2988
920000 2988
930000 2988
940000 2988
950000 2988
960000 2988
970000 2988
980000 2988
990000 2988
